t = 8592
lane_time : 
-1 -1 -1 -1 -1 -1 -1 -1 -1 -1
-1 -1 -1 -1 -1 -1 -1 -1 -1 -1
-1 -1 -1 -1 -1 -1 -1 -1 -1 -1
-1 -1 -1 -1 -1 -1 -1 -1 -1 -1
-1 -1 -1 -1 -1 -1 -1 -1 -1 -1
-1 -1 -1 -1 -1 -1 -1 -1 -1 -1
-1 -1 -1 -1 -1 -1 -1 -1 -1 -1
lane_car : 
-1 -1 -1 -1 -1 -1 -1 -1 -1 -1
-1 -1 -1 -1 -1 -1 -1 -1 -1 -1
-1 -1 -1 -1 -1 -1 -1 -1 -1 -1
-1 -1 -1 -1 -1 -1 -1 -1 -1 -1
-1 -1 -1 -1 -1 -1 -1 -1 -1 -1
-1 -1 -1 -1 -1 -1 -1 -1 -1 -1
-1 -1 -1 -1 -1 -1 -1 -1 -1 -1
v_deliver.delivery_t_now: 
-1
deliver_task_id_now: 
12
receiving_task_id_now: 
12
receiving_time
-1
time_add_wait: 
-1
receiver : car_id
-1
deliver : car_id
-1
v_deliver.delivered_car_index : output car_id: 
219
0 1 3 4 5 7 8 9 11 12 13 14 16 15 17 2 6 20 21 22 23 10 26 28 25 29 32 27 18 34 31 19 35 33 38 42 43 30 44 53 36 50 46 39 52 57 60 61 59 66 65 69 62 70 58 67 49 71 72 40 64 74 37 78 51 75 79 48 90 87 83 81 80 45 86 88 94 55 96 47 99 63 54 104 109 41 56 116 112 117 118 105 93 122 91 111 101 127 128 126 130 131 82 132 135 134 68 133 138 113 141 97 102 119 150 114 143 137 106 136 103 140 129 76 139 149 107 95 158 24 84 77 120 115 98 148 147 125 123 151 176 153 167 154 108 159 89 162 165 164 92 186 166 171 168 191 178 145 181 193 179 142 183 144 156 187 163 190 197 157 192 73 200 198 199 175 202 161 205 124 206 204 207 208 180 210 182 110 218 221 220 173 177 225 152 185 226 227 228 100 230 232 233 189 234 236 146 238 121 239 242 243 244 247 209 248 169 250 211 160 252 214 215 219 174 222 223 257 224 258 259 260 261 195 231 268 270 271 194 273 274 240 201 241 276 277 279 155 249 282 283 284 212 213 216 217 287 289 172 255 290 292 293 85 295 297 262 184 263 188 229 264 299 265 196 269 235 303 304 305 306 307 308 245 246 203 280 311 313 281 251 317 170 286 253 288 294 256 291 278 300 296 298 302 272 237 275 309 315 312 316 254 301 285 266 310 267 314 
--------------------------------------
t = 8377
lane_time : 
-1 -1 -1 -1 -1 -1 -1 -1 -1 -1
-1 -1 -1 -1 -1 -1 -1 -1 -1 -1
-1 -1 -1 -1 -1 -1 -1 -1 -1 -1
-1 -1 -1 -1 -1 -1 -1 -1 -1 -1
-1 -1 -1 -1 -1 -1 -1 -1 -1 -1
-1 -1 -1 -1 -1 -1 -1 -1 -1 -1
-1 -1 -1 -1 -1 -1 -1 -1 -1 -1
lane_car : 
-1 -1 -1 -1 -1 -1 -1 -1 -1 -1
-1 -1 -1 -1 -1 -1 -1 -1 -1 -1
-1 -1 -1 -1 -1 -1 -1 -1 -1 -1
-1 -1 -1 -1 -1 -1 -1 -1 -1 -1
-1 -1 -1 -1 -1 -1 -1 -1 -1 -1
-1 -1 -1 -1 -1 -1 -1 -1 -1 -1
-1 -1 -1 -1 -1 -1 -1 -1 -1 -1
v_deliver.delivery_t_now: 
-1
deliver_task_id_now: 
12
receiving_task_id_now: 
12
receiving_time
-1
time_add_wait: 
-1
receiver : car_id
-1
deliver : car_id
-1
v_deliver.delivered_car_index : output car_id: 
222
1 2 3 5 7 8 11 19 21 20 26 28 25 24 30 6 32 27 31 22 17 37 9 36 39 38 29 44 40 42 47 50 46 49 13 43 54 51 0 57 16 56 14 58 64 62 61 66 10 63 18 67 73 76 75 23 78 33 12 34 53 74 45 85 94 59 86 95 87 89 88 102 52 99 80 96 93 79 81 100 48 15 65 109 4 106 113 84 115 68 127 116 82 92 118 129 122 108 98 119 69 123 136 110 105 130 138 55 35 111 132 142 125 97 137 117 128 124 112 133 72 107 148 159 71 149 163 140 101 41 152 151 147 91 143 139 126 154 150 70 179 121 156 103 168 135 114 158 157 184 165 173 169 167 166 90 172 176 200 174 153 177 205 134 60 181 207 104 182 209 189 141 190 192 155 213 120 202 162 203 204 170 145 195 210 161 212 220 77 144 219 146 224 223 226 225 183 178 231 232 235 188 186 236 187 237 191 239 240 198 241 164 199 242 201 243 160 244 216 246 248 250 251 193 215 253 254 222 221 258 259 227 230 260 261 228 262 263 264 233 265 234 185 267 268 269 270 271 273 196 194 275 276 279 278 214 281 282 283 206 284 208 249 287 288 252 291 175 255 257 294 297 298 302 306 309 311 238 312 313 315 274 316 317 277 296 217 285 292 289 290 266 256 180 295 299 304 305 310 83 314 272 211 197 247 280 245 218 307 171 293 301 131 229 300 303 308 286 
--------------------------------------
t = 7709
lane_time : 
-1 -1 -1 -1 -1 -1 -1 -1 -1 -1
-1 -1 -1 -1 -1 -1 -1 -1 -1 -1
-1 -1 -1 -1 -1 -1 -1 -1 -1 -1
-1 -1 -1 -1 -1 -1 -1 -1 -1 -1
-1 -1 -1 -1 -1 -1 -1 -1 -1 -1
-1 -1 -1 -1 -1 -1 -1 -1 -1 -1
-1 -1 -1 -1 -1 -1 -1 -1 -1 -1
lane_car : 
-1 -1 -1 -1 -1 -1 -1 -1 -1 -1
-1 -1 -1 -1 -1 -1 -1 -1 -1 -1
-1 -1 -1 -1 -1 -1 -1 -1 -1 -1
-1 -1 -1 -1 -1 -1 -1 -1 -1 -1
-1 -1 -1 -1 -1 -1 -1 -1 -1 -1
-1 -1 -1 -1 -1 -1 -1 -1 -1 -1
-1 -1 -1 -1 -1 -1 -1 -1 -1 -1
v_deliver.delivery_t_now: 
-1
deliver_task_id_now: 
12
receiving_task_id_now: 
12
receiving_time
-1
time_add_wait: 
-1
receiver : car_id
-1
deliver : car_id
-1
v_deliver.delivered_car_index : output car_id: 
195
0 1 2 4 5 6 7 8 9 10 11 13 15 16 3 17 21 19 27 23 22 28 32 33 29 30 34 12 39 42 37 18 44 50 51 55 24 53 41 14 20 49 43 54 38 57 59 52 62 46 71 61 73 66 31 75 63 77 35 80 65 82 72 83 67 84 36 68 91 56 94 76 98 95 25 47 58 85 93 90 86 113 108 79 99 64 87 106 101 26 89 88 116 122 105 78 96 121 117 92 70 97 126 133 74 104 132 137 111 140 139 112 45 119 147 127 102 120 69 40 107 125 152 146 149 128 156 150 114 115 138 168 155 135 136 141 171 143 142 118 124 174 130 161 131 165 162 172 60 185 173 164 169 167 153 181 103 177 154 109 129 48 195 199 186 190 197 201 188 192 134 194 196 200 170 198 160 202 207 180 209 206 110 159 183 208 212 210 211 214 163 215 144 182 216 176 219 220 221 158 225 179 226 227 228 229 184 230 151 233 234 235 157 236 145 238 239 240 148 242 243 204 244 203 247 205 246 250 248 249 251 253 257 258 259 217 260 218 262 263 175 222 223 268 269 271 272 231 232 275 189 279 237 281 282 81 284 287 100 288 290 291 294 295 252 213 297 178 298 255 299 300 302 166 303 187 304 305 306 264 267 308 265 310 311 313 273 276 317 283 245 285 286 293 277 254 296 316 191 256 301 274 312 315 278 123 241 280 289 292 314 307 309 193 270 261 224 266 
--------------------------------------
t = 8129
lane_time : 
-1 -1 -1 -1 -1 -1 -1 -1 -1 -1
-1 -1 -1 -1 -1 -1 -1 -1 -1 -1
-1 -1 -1 -1 -1 -1 -1 -1 -1 -1
-1 -1 -1 -1 -1 -1 -1 -1 -1 -1
-1 -1 -1 -1 -1 -1 -1 -1 -1 -1
-1 -1 -1 -1 -1 -1 -1 -1 -1 -1
-1 -1 -1 -1 -1 -1 -1 -1 -1 -1
lane_car : 
-1 -1 -1 -1 -1 -1 -1 -1 -1 -1
-1 -1 -1 -1 -1 -1 -1 -1 -1 -1
-1 -1 -1 -1 -1 -1 -1 -1 -1 -1
-1 -1 -1 -1 -1 -1 -1 -1 -1 -1
-1 -1 -1 -1 -1 -1 -1 -1 -1 -1
-1 -1 -1 -1 -1 -1 -1 -1 -1 -1
-1 -1 -1 -1 -1 -1 -1 -1 -1 -1
v_deliver.delivery_t_now: 
-1
deliver_task_id_now: 
12
receiving_task_id_now: 
12
receiving_time
-1
time_add_wait: 
-1
receiver : car_id
-1
deliver : car_id
-1
v_deliver.delivered_car_index : output car_id: 
208
1 2 3 4 5 6 8 9 11 0 15 16 21 19 20 28 22 34 33 7 31 29 36 38 30 42 41 44 35 18 46 10 50 47 49 54 24 55 14 53 62 37 32 56 64 39 12 57 67 70 60 69 61 58 26 63 76 13 80 72 83 90 48 51 84 87 92 99 91 74 52 71 108 97 101 45 103 86 115 98 104 105 73 40 102 113 75 23 106 116 79 94 65 131 117 139 126 81 59 140 89 111 109 130 96 146 132 133 122 119 145 120 77 136 129 137 134 156 141 142 160 152 147 114 165 155 148 149 88 166 157 121 27 78 159 43 127 95 162 158 112 128 163 161 100 118 85 168 93 167 135 68 173 125 176 175 25 151 138 177 150 107 188 181 182 183 66 186 189 190 153 196 198 197 199 200 202 201 203 204 205 207 208 210 212 213 170 214 171 217 110 180 174 219 220 221 224 226 227 228 123 184 230 231 232 143 233 194 191 239 240 154 245 82 247 209 249 250 252 253 215 216 255 257 258 259 222 223 260 261 262 225 263 179 264 265 266 229 267 269 185 144 272 234 235 193 236 192 169 275 276 241 124 242 243 244 278 206 246 279 248 281 211 282 283 251 284 285 286 287 288 256 218 289 290 291 292 294 293 296 299 178 300 302 303 305 306 187 307 271 308 309 237 313 195 314 238 315 316 317 277 164 280 312 254 268 172 295 297 270 17 298 311 301 310 274 304 273 
--------------------------------------
t = 7903
lane_time : 
-2 -2 -2 -2 -2 -2 -2 -2 -2 -2
-2 -2 -2 -2 -2 -2 -2 -2 -2 -2
-1  4  4  4  4  4  4  4  4  4
-1  1  1  1  1  1  1  1  1  1
-2 -2 -2 -2 -2 -2 -2 -2 -2 -1
-2 -2 -2 -2 -2 -2 -2 -2 -2 -2
-1 -1 -1 -1 -1  1 -1 -1 -1 -2
lane_car : 
  1   1   1 313   3   3   3 180 131 251
  1   1   1   1   1   1   3   3   1   1
 -1   1   1   1   4   3 280   1   1   3
 -1   1   1   1   1   3   3   3   3   3
  1 307 191 314 275   3 286 288 248  -1
  1   1   1   1 316   4   1   3 291   1
 -1  -1  -1  -1  -1   1  -1  -1  -1   1
v_deliver.delivery_t_now: 
0
deliver_task_id_now: 
9
receiving_task_id_now: 
6
receiving_time
19
time_add_wait: 
-1
receiver : car_id
-1
deliver : car_id
1
v_deliver.delivered_car_index : output car_id: 
203
1 2 3 5 6 8 7 10 11 12 13 14 17 4 21 20 25 9 27 30 37 34 40 32 44 0 47 45 16 39 48 51 42 33 46 50 49 57 23 52 53 58 15 61 54 60 55 24 56 67 35 28 71 73 36 64 59 66 79 63 29 85 68 65 88 89 74 18 41 90 92 31 69 91 77 84 81 94 102 111 100 96 87 62 19 116 117 43 93 80 119 75 86 126 26 98 22 123 106 118 82 134 107 104 101 132 136 109 70 110 124 114 125 115 97 155 128 130 145 157 135 83 147 99 133 138 103 168 139 105 158 171 159 172 153 166 140 137 163 164 178 177 95 169 38 129 181 182 187 176 183 144 113 193 148 184 151 190 189 127 121 170 141 195 192 142 197 149 160 198 174 200 156 175 167 205 112 179 207 143 208 209 146 72 213 162 215 216 185 217 165 218 78 219 220 221 223 224 225 188 227 226 228 229 150 231 161 122 233 108 235 201 76 202 238 173 239 203 204 241 206 242 244 245 186 210 211 212 250 214 252 253 255 258 152 259 120 260 261 264 265 266 267 268 230 271 194 196 273 272 199 274 278 281 282 283 240 285 287 243 289 247 292 249 294 295 296 256 257 299 300 301 262 302 222 303 304 263 305 154 306 308 309 269 311 270 310 312 232 234 315 236 1 317 237 276 277 279 4 1 3 284 1 1 3 246 290 1 1 3 293 1 254 297 1 1 298 1 
--------------------------------------
